rotation:
    x: -0.705243
    y: -0.708949
    z: 0.003492
    w: 0.003382
translation:
  x: 0.0
  y: 0.0
  z: 0.0
child_frame_id: lidar_green
parent_frame_id: body
